camera.uid: 0 [01/07 16:01:39]
cameras.FoVx: 1.0934649966507994 [01/07 16:01:39]
cameras.FoVy: 0.8560358271292245 [01/07 16:01:39]
cameras.image_height: 476 [01/07 16:01:39]
cameras.image_width: 635 [01/07 16:01:39]
cameras.world_view_transform: tensor([[ 0.8757,  0.2115, -0.4341,  0.0000],
        [-0.1941,  0.9773,  0.0846,  0.0000],
        [ 0.4422,  0.0102,  0.8969,  0.0000],
        [-0.0149, -1.5837,  3.8563,  1.0000]], device='cuda:0') [01/07 16:01:39]
cameras.full_proj_transform: tensor([[ 1.4388,  0.4636, -0.4342, -0.4341],
        [-0.3190,  2.1422,  0.0846,  0.0846],
        [ 0.7265,  0.0223,  0.8970,  0.8969],
        [-0.0244, -3.4712,  3.8467,  3.8563]], device='cuda:0') [01/07 16:01:39]
cameras.camera_center: tensor([ 2.0221,  1.2186, -3.4359], device='cuda:0') [01/07 16:01:39]
cameras.uid: 0 [01/07 16:01:39]
camera.uid: 1 [01/07 16:01:39]
cameras.FoVx: 1.0639293444282594 [01/07 16:01:39]
cameras.FoVy: 0.82984133279823 [01/07 16:01:39]
cameras.image_height: 476 [01/07 16:01:39]
cameras.image_width: 636 [01/07 16:01:39]
cameras.world_view_transform: tensor([[-0.9910,  0.0482, -0.1247,  0.0000],
        [-0.0789,  0.5418,  0.8368,  0.0000],
        [ 0.1079,  0.8391, -0.5331,  0.0000],
        [-0.4757, -2.0420,  3.0446,  1.0000]], device='cuda:0') [01/07 16:01:39]
cameras.full_proj_transform: tensor([[-1.6838,  0.1095, -0.1247, -0.1247],
        [-0.1341,  1.2299,  0.8369,  0.8368],
        [ 0.1834,  1.9050, -0.5331, -0.5331],
        [-0.8082, -4.6357,  3.0349,  3.0446]], device='cuda:0') [01/07 16:01:39]
cameras.camera_center: tensor([ 0.0067, -1.4790,  3.3879], device='cuda:0') [01/07 16:01:39]
cameras.uid: 1 [01/07 16:01:39]
camera.uid: 2 [01/07 16:01:39]
cameras.FoVx: 1.0589750128932445 [01/07 16:01:39]
cameras.FoVy: 0.8268196375033454 [01/07 16:01:39]
cameras.image_height: 476 [01/07 16:01:39]
cameras.image_width: 635 [01/07 16:01:39]
cameras.world_view_transform: tensor([[-0.9737,  0.1171, -0.1955,  0.0000],
        [-0.1015,  0.5452,  0.8321,  0.0000],
        [ 0.2041,  0.8301, -0.5190,  0.0000],
        [-0.6234, -2.0507,  3.0081,  1.0000]], device='cuda:0') [01/07 16:01:39]
cameras.full_proj_transform: tensor([[-1.6638,  0.2670, -0.1956, -0.1955],
        [-0.1735,  1.2428,  0.8322,  0.8321],
        [ 0.3487,  1.8922, -0.5190, -0.5190],
        [-1.0652, -4.6745,  2.9984,  3.0081]], device='cuda:0') [01/07 16:01:39]
cameras.camera_center: tensor([ 0.2214, -1.4484,  3.3905], device='cuda:0') [01/07 16:01:39]
cameras.uid: 2 [01/07 16:01:39]
camera.uid: 3 [01/07 16:01:39]
cameras.FoVx: 1.0577967056677113 [01/07 16:01:39]
cameras.FoVy: 0.8258253578429032 [01/07 16:01:39]
cameras.image_height: 476 [01/07 16:01:39]
cameras.image_width: 635 [01/07 16:01:39]
cameras.world_view_transform: tensor([[-0.9604,  0.1460, -0.2374,  0.0000],
        [-0.1233,  0.5414,  0.8317,  0.0000],
        [ 0.2499,  0.8280, -0.5020,  0.0000],
        [-0.6782, -2.0709,  2.9739,  1.0000]], device='cuda:0') [01/07 16:01:39]
cameras.full_proj_transform: tensor([[-1.6432,  0.3332, -0.2374, -0.2374],
        [-0.2110,  1.2359,  0.8317,  0.8317],
        [ 0.4277,  1.8899, -0.5020, -0.5020],
        [-1.1605, -4.7271,  2.9642,  2.9739]], device='cuda:0') [01/07 16:01:39]
cameras.camera_center: tensor([ 0.3570, -1.4357,  3.3770], device='cuda:0') [01/07 16:01:39]
cameras.uid: 3 [01/07 16:01:39]
camera.uid: 4 [01/07 16:01:39]
cameras.FoVx: 1.0589428335169047 [01/07 16:01:39]
cameras.FoVy: 0.8275639968360885 [01/07 16:01:39]
cameras.image_height: 478 [01/07 16:01:39]
cameras.image_width: 637 [01/07 16:01:39]
cameras.world_view_transform: tensor([[-0.9414,  0.1703, -0.2913,  0.0000],
        [-0.1586,  0.5386,  0.8275,  0.0000],
        [ 0.2978,  0.8252, -0.4801,  0.0000],
        [-0.7618, -2.0855,  2.9082,  1.0000]], device='cuda:0') [01/07 16:01:39]
cameras.full_proj_transform: tensor([[-1.6086,  0.3877, -0.2913, -0.2913],
        [-0.2710,  1.2266,  0.8276,  0.8275],
        [ 0.5088,  1.8790, -0.4801, -0.4801],
        [-1.3018, -4.7492,  2.8985,  2.9082]], device='cuda:0') [01/07 16:01:39]
cameras.camera_center: tensor([ 0.4851, -1.4040,  3.3438], device='cuda:0') [01/07 16:01:39]
cameras.uid: 4 [01/07 16:01:39]
camera.uid: 5 [01/07 16:01:39]
cameras.FoVx: 1.0597902379616855 [01/07 16:01:39]
cameras.FoVy: 0.8275101090209414 [01/07 16:01:39]
cameras.image_height: 479 [01/07 16:01:39]
cameras.image_width: 639 [01/07 16:01:39]
cameras.world_view_transform: tensor([[-0.9182,  0.2243, -0.3264,  0.0000],
        [-0.1618,  0.5397,  0.8262,  0.0000],
        [ 0.3615,  0.8114, -0.4592,  0.0000],
        [-0.8704, -2.0797,  2.8418,  1.0000]], device='cuda:0') [01/07 16:01:39]
cameras.full_proj_transform: tensor([[-1.5675,  0.5109, -0.3265, -0.3264],
        [-0.2763,  1.2291,  0.8262,  0.8262],
        [ 0.6171,  1.8479, -0.4593, -0.4592],
        [-1.4859, -4.7363,  2.8320,  2.8418]], device='cuda:0') [01/07 16:01:39]
cameras.camera_center: tensor([ 0.5949, -1.3662,  3.3072], device='cuda:0') [01/07 16:01:39]
cameras.uid: 5 [01/07 16:01:39]
camera.uid: 6 [01/07 16:01:39]
cameras.FoVx: 1.0583363793576424 [01/07 16:01:39]
cameras.FoVy: 0.8258980665833985 [01/07 16:01:39]
cameras.image_height: 478 [01/07 16:01:39]
cameras.image_width: 638 [01/07 16:01:39]
cameras.world_view_transform: tensor([[-0.8878,  0.2885, -0.3587,  0.0000],
        [-0.1598,  0.5376,  0.8279,  0.0000],
        [ 0.4317,  0.7923, -0.4312,  0.0000],
        [-0.9914, -2.0874,  2.7624,  1.0000]], device='cuda:0') [01/07 16:01:39]
cameras.full_proj_transform: tensor([[-1.5181,  0.6584, -0.3587, -0.3587],
        [-0.2732,  1.2271,  0.8280,  0.8279],
        [ 0.7381,  1.8083, -0.4313, -0.4312],
        [-1.6953, -4.7643,  2.7527,  2.7624]], device='cuda:0') [01/07 16:01:39]
cameras.camera_center: tensor([ 0.7128, -1.3231,  3.2730], device='cuda:0') [01/07 16:01:39]
cameras.uid: 6 [01/07 16:01:39]
camera.uid: 7 [01/07 16:01:39]
cameras.FoVx: 1.0559277436932248 [01/07 16:01:39]
cameras.FoVy: 0.8242488055988574 [01/07 16:01:39]
cameras.image_height: 476 [01/07 16:01:39]
cameras.image_width: 635 [01/07 16:01:39]
cameras.world_view_transform: tensor([[-0.8717,  0.2939, -0.3922,  0.0000],
        [-0.1822,  0.5487,  0.8160,  0.0000],
        [ 0.4550,  0.7827, -0.4247,  0.0000],
        [-0.9702, -2.0731,  2.7618,  1.0000]], device='cuda:0') [01/07 16:01:39]
cameras.full_proj_transform: tensor([[-1.4947,  0.6722, -0.3922, -0.3922],
        [-0.3124,  1.2550,  0.8160,  0.8160],
        [ 0.7801,  1.7904, -0.4248, -0.4247],
        [-1.6636, -4.7423,  2.7521,  2.7618]], device='cuda:0') [01/07 16:01:39]
cameras.camera_center: tensor([ 0.8467, -1.2929,  3.2371], device='cuda:0') [01/07 16:01:39]
cameras.uid: 7 [01/07 16:01:39]
camera.uid: 8 [01/07 16:01:39]
cameras.FoVx: 1.0525577994042992 [01/07 16:01:39]
cameras.FoVy: 0.8210219498171941 [01/07 16:01:39]
cameras.image_height: 475 [01/07 16:01:39]
cameras.image_width: 634 [01/07 16:01:39]
cameras.world_view_transform: tensor([[-0.8655,  0.2951, -0.4046,  0.0000],
        [-0.1942,  0.5469,  0.8143,  0.0000],
        [ 0.4616,  0.7834, -0.4161,  0.0000],
        [-0.8452, -2.1478,  2.8064,  1.0000]], device='cuda:0') [01/07 16:01:39]
cameras.full_proj_transform: tensor([[-1.4899,  0.6781, -0.4047, -0.4046],
        [-0.3343,  1.2567,  0.8144,  0.8143],
        [ 0.7947,  1.8000, -0.4161, -0.4161],
        [-1.4549, -4.9347,  2.7966,  2.8064]], device='cuda:0') [01/07 16:01:39]
cameras.camera_center: tensor([ 1.0378, -1.2747,  3.2405], device='cuda:0') [01/07 16:01:39]
cameras.uid: 8 [01/07 16:01:39]
camera.uid: 9 [01/07 16:01:39]
cameras.FoVx: 1.055087105701888 [01/07 16:01:39]
cameras.FoVy: 0.8243090996591638 [01/07 16:01:39]
cameras.image_height: 478 [01/07 16:01:39]
cameras.image_width: 637 [01/07 16:01:39]
cameras.world_view_transform: tensor([[-0.8541,  0.3031, -0.4228,  0.0000],
        [-0.1904,  0.5742,  0.7963,  0.0000],
        [ 0.4841,  0.7606, -0.4327,  0.0000],
        [-0.7891, -2.1160,  2.9505,  1.0000]], device='cuda:0') [01/07 16:01:39]
cameras.full_proj_transform: tensor([[-1.4659,  0.6932, -0.4228, -0.4228],
        [-0.3268,  1.3133,  0.7964,  0.7963],
        [ 0.8308,  1.7397, -0.4327, -0.4327],
        [-1.3544, -4.8400,  2.9408,  2.9505]], device='cuda:0') [01/07 16:01:39]
cameras.camera_center: tensor([ 1.2147, -1.2847,  3.2680], device='cuda:0') [01/07 16:01:39]
cameras.uid: 9 [01/07 16:01:39]
camera.uid: 10 [01/07 16:01:39]
cameras.FoVx: 1.0643831167333426 [01/07 16:01:39]
cameras.FoVy: 0.830997024283145 [01/07 16:01:39]
cameras.image_height: 475 [01/07 16:01:39]
cameras.image_width: 634 [01/07 16:01:39]
cameras.world_view_transform: tensor([[-0.8742,  0.2730, -0.4015,  0.0000],
        [-0.1759,  0.5926,  0.7860,  0.0000],
        [ 0.4525,  0.7578, -0.4701,  0.0000],
        [-0.4916, -2.0930,  3.0753,  1.0000]], device='cuda:0') [01/07 16:01:39]
cameras.full_proj_transform: tensor([[-1.4846,  0.6189, -0.4015, -0.4015],
        [-0.2987,  1.3433,  0.7861,  0.7860],
        [ 0.7685,  1.7176, -0.4701, -0.4701],
        [-0.8348, -4.7440,  3.0656,  3.0753]], device='cuda:0') [01/07 16:01:39]
cameras.camera_center: tensor([ 1.3763, -1.2634,  3.2541], device='cuda:0') [01/07 16:01:39]
cameras.uid: 10 [01/07 16:01:39]
camera.uid: 11 [01/07 16:01:39]
cameras.FoVx: 1.0800076349513708 [01/07 16:01:39]
cameras.FoVy: 0.8438282029518486 [01/07 16:01:39]
cameras.image_height: 477 [01/07 16:01:39]
cameras.image_width: 637 [01/07 16:01:39]
cameras.world_view_transform: tensor([[ 0.9744,  0.1141, -0.1935,  0.0000],
        [-0.1017,  0.9921,  0.0729,  0.0000],
        [ 0.2003, -0.0513,  0.9784,  0.0000],
        [ 0.6503, -1.6470,  3.5984,  1.0000]], device='cuda:0') [01/07 16:01:39]
cameras.full_proj_transform: tensor([[ 1.6256,  0.2543, -0.1935, -0.1935],
        [-0.1697,  2.2103,  0.0729,  0.0729],
        [ 0.3341, -0.1143,  0.9785,  0.9784],
        [ 1.0848, -3.6692,  3.5888,  3.5984]], device='cuda:0') [01/07 16:01:39]
cameras.camera_center: tensor([ 0.2505,  1.4380, -3.7354], device='cuda:0') [01/07 16:01:39]
cameras.uid: 11 [01/07 16:01:39]
camera.uid: 12 [01/07 16:01:39]
cameras.FoVx: 1.0593359168312297 [01/07 16:01:39]
cameras.FoVy: 0.8275107412724308 [01/07 16:01:39]
cameras.image_height: 474 [01/07 16:01:39]
cameras.image_width: 632 [01/07 16:01:39]
cameras.world_view_transform: tensor([[-0.8879,  0.2478, -0.3877,  0.0000],
        [-0.1756,  0.5964,  0.7833,  0.0000],
        [ 0.4253,  0.7635, -0.4860,  0.0000],
        [-0.2138, -2.0643,  3.1028,  1.0000]], device='cuda:0') [01/07 16:01:39]
cameras.full_proj_transform: tensor([[-1.5165,  0.5642, -0.3878, -0.3877],
        [-0.3000,  1.3582,  0.7833,  0.7833],
        [ 0.7264,  1.7388, -0.4860, -0.4860],
        [-0.3652, -4.7011,  3.0931,  3.1028]], device='cuda:0') [01/07 16:01:39]
cameras.camera_center: tensor([ 1.5247, -1.2368,  3.1749], device='cuda:0') [01/07 16:01:39]
cameras.uid: 12 [01/07 16:01:39]
camera.uid: 13 [01/07 16:01:39]
cameras.FoVx: 1.064668935542799 [01/07 16:01:39]
cameras.FoVy: 0.8324052246968384 [01/07 16:01:39]
cameras.image_height: 475 [01/07 16:01:39]
cameras.image_width: 633 [01/07 16:01:39]
cameras.world_view_transform: tensor([[-0.8747,  0.2707, -0.4020,  0.0000],
        [-0.1664,  0.6112,  0.7737,  0.0000],
        [ 0.4551,  0.7437, -0.4896,  0.0000],
        [-0.0963, -2.0020,  3.0873,  1.0000]], device='cuda:0') [01/07 16:01:39]
cameras.full_proj_transform: tensor([[-1.4850,  0.6124, -0.4020, -0.4020],
        [-0.2825,  1.3828,  0.7738,  0.7737],
        [ 0.7727,  1.6825, -0.4897, -0.4896],
        [-0.1634, -4.5292,  3.0776,  3.0873]], device='cuda:0') [01/07 16:01:39]
cameras.camera_center: tensor([ 1.6987, -1.1810,  3.0444], device='cuda:0') [01/07 16:01:39]
cameras.uid: 13 [01/07 16:01:39]
camera.uid: 14 [01/07 16:01:39]
cameras.FoVx: 1.0654566663321414 [01/07 16:01:39]
cameras.FoVy: 0.8326818486958216 [01/07 16:01:39]
cameras.image_height: 477 [01/07 16:01:39]
cameras.image_width: 636 [01/07 16:01:39]
cameras.world_view_transform: tensor([[-0.8734,  0.2761, -0.4011,  0.0000],
        [-0.1655,  0.6064,  0.7778,  0.0000],
        [ 0.4579,  0.7457, -0.4839,  0.0000],
        [ 0.1192, -2.0162,  3.0631,  1.0000]], device='cuda:0') [01/07 16:01:39]
cameras.full_proj_transform: tensor([[-1.4815,  0.6244, -0.4011, -0.4011],
        [-0.2807,  1.3712,  0.7779,  0.7778],
        [ 0.7767,  1.6864, -0.4840, -0.4839],
        [ 0.2022, -4.5595,  3.0534,  3.0631]], device='cuda:0') [01/07 16:01:39]
cameras.camera_center: tensor([ 1.8893, -1.1402,  2.9312], device='cuda:0') [01/07 16:01:39]
cameras.uid: 14 [01/07 16:01:39]
camera.uid: 15 [01/07 16:01:39]
cameras.FoVx: 1.0592877236670226 [01/07 16:01:39]
cameras.FoVy: 0.8263139952289169 [01/07 16:01:39]
cameras.image_height: 477 [01/07 16:01:39]
cameras.image_width: 637 [01/07 16:01:39]
cameras.world_view_transform: tensor([[-0.8414,  0.2913, -0.4552,  0.0000],
        [-0.2013,  0.6127,  0.7642,  0.0000],
        [ 0.5016,  0.7346, -0.4569,  0.0000],
        [ 0.1064, -2.0459,  3.1214,  1.0000]], device='cuda:0') [01/07 16:01:39]
cameras.full_proj_transform: tensor([[-1.4372,  0.6645, -0.4553, -0.4552],
        [-0.3439,  1.3977,  0.7643,  0.7642],
        [ 0.8567,  1.6758, -0.4569, -0.4569],
        [ 0.1817, -4.6668,  3.1117,  3.1214]], device='cuda:0') [01/07 16:01:39]
cameras.camera_center: tensor([ 2.1064, -1.1104,  2.8757], device='cuda:0') [01/07 16:01:39]
cameras.uid: 15 [01/07 16:01:39]
camera.uid: 16 [01/07 16:01:39]
cameras.FoVx: 1.0595497221138317 [01/07 16:01:39]
cameras.FoVy: 0.8276912596667853 [01/07 16:01:39]
cameras.image_height: 477 [01/07 16:01:39]
cameras.image_width: 636 [01/07 16:01:39]
cameras.world_view_transform: tensor([[-0.7960,  0.3324, -0.5059,  0.0000],
        [-0.2197,  0.6201,  0.7531,  0.0000],
        [ 0.5640,  0.7106, -0.4206,  0.0000],
        [-0.0310, -2.1182,  3.1794,  1.0000]], device='cuda:0') [01/07 16:01:39]
cameras.full_proj_transform: tensor([[-1.3593,  0.7568, -0.5059, -0.5059],
        [-0.3752,  1.4118,  0.7532,  0.7531],
        [ 0.9631,  1.6180, -0.4206, -0.4206],
        [-0.0530, -4.8227,  3.1697,  3.1794]], device='cuda:0') [01/07 16:01:39]
cameras.camera_center: tensor([ 2.2877, -1.0879,  2.8599], device='cuda:0') [01/07 16:01:39]
cameras.uid: 16 [01/07 16:01:39]
camera.uid: 17 [01/07 16:01:39]
cameras.FoVx: 1.0579272501049297 [01/07 16:01:39]
cameras.FoVy: 0.8251667587971405 [01/07 16:01:39]
cameras.image_height: 477 [01/07 16:01:39]
cameras.image_width: 637 [01/07 16:01:39]
cameras.world_view_transform: tensor([[-0.7596,  0.3545, -0.5454,  0.0000],
        [-0.2473,  0.6180,  0.7462,  0.0000],
        [ 0.6016,  0.7017, -0.3818,  0.0000],
        [-0.1448, -2.1904,  3.1928,  1.0000]], device='cuda:0') [01/07 16:01:39]
cameras.full_proj_transform: tensor([[-1.2994,  0.8099, -0.5454, -0.5454],
        [-0.4232,  1.4120,  0.7463,  0.7462],
        [ 1.0292,  1.6031, -0.3818, -0.3818],
        [-0.2477, -5.0043,  3.1831,  3.1928]], device='cuda:0') [01/07 16:01:39]
cameras.camera_center: tensor([ 2.4077, -1.0646,  2.8429], device='cuda:0') [01/07 16:01:39]
cameras.uid: 17 [01/07 16:01:39]
camera.uid: 18 [01/07 16:01:39]
cameras.FoVx: 1.0577978291269967 [01/07 16:01:39]
cameras.FoVy: 0.8254438183335805 [01/07 16:01:39]
cameras.image_height: 478 [01/07 16:01:39]
cameras.image_width: 638 [01/07 16:01:39]
cameras.world_view_transform: tensor([[-0.7234,  0.3748, -0.5799,  0.0000],
        [-0.2740,  0.6151,  0.7393,  0.0000],
        [ 0.6338,  0.6937, -0.3423,  0.0000],
        [-0.2552, -2.2492,  3.1630,  1.0000]], device='cuda:0') [01/07 16:01:39]
cameras.full_proj_transform: tensor([[-1.2377,  0.8560, -0.5800, -0.5799],
        [-0.4688,  1.4048,  0.7394,  0.7393],
        [ 1.0845,  1.5841, -0.3423, -0.3423],
        [-0.4366, -5.1368,  3.1533,  3.1630]], device='cuda:0') [01/07 16:01:39]
cameras.camera_center: tensor([ 2.4927, -1.0248,  2.8045], device='cuda:0') [01/07 16:01:39]
cameras.uid: 18 [01/07 16:01:39]
camera.uid: 19 [01/07 16:01:39]
cameras.FoVx: 1.0600745527514697 [01/07 16:01:39]
cameras.FoVy: 0.8277500999664951 [01/07 16:01:39]
cameras.image_height: 479 [01/07 16:01:39]
cameras.image_width: 639 [01/07 16:01:39]
cameras.world_view_transform: tensor([[-0.6774,  0.4018, -0.6162,  0.0000],
        [-0.2779,  0.6358,  0.7201,  0.0000],
        [ 0.6811,  0.6590, -0.3190,  0.0000],
        [-0.3915, -2.2192,  3.1746,  1.0000]], device='cuda:0') [01/07 16:01:39]
cameras.full_proj_transform: tensor([[-1.1560,  0.9147, -0.6163, -0.6162],
        [-0.4743,  1.4475,  0.7201,  0.7201],
        [ 1.1624,  1.5004, -0.3191, -0.3190],
        [-0.6681, -5.0522,  3.1649,  3.1746]], device='cuda:0') [01/07 16:01:39]
cameras.camera_center: tensor([ 2.5826, -0.9837,  2.7419], device='cuda:0') [01/07 16:01:39]
cameras.uid: 19 [01/07 16:01:39]
camera.uid: 20 [01/07 16:01:39]
cameras.FoVx: 1.0651255692338644 [01/07 16:01:39]
cameras.FoVy: 0.8316290355197339 [01/07 16:01:39]
cameras.image_height: 478 [01/07 16:01:39]
cameras.image_width: 638 [01/07 16:01:39]
cameras.world_view_transform: tensor([[-0.6317,  0.4379, -0.6396,  0.0000],
        [-0.2543,  0.6624,  0.7047,  0.0000],
        [ 0.7323,  0.6078, -0.3071,  0.0000],
        [-0.5107, -2.1593,  3.2098,  1.0000]], device='cuda:0') [01/07 16:01:39]
cameras.full_proj_transform: tensor([[-1.0719,  0.9918, -0.6397, -0.6396],
        [-0.4315,  1.5001,  0.7048,  0.7047],
        [ 1.2425,  1.3765, -0.3071, -0.3071],
        [-0.8666, -4.8902,  3.2001,  3.2098]], device='cuda:0') [01/07 16:01:39]
cameras.camera_center: tensor([ 2.6760, -0.9615,  2.6722], device='cuda:0') [01/07 16:01:39]
cameras.uid: 20 [01/07 16:01:39]
camera.uid: 21 [01/07 16:01:39]
cameras.FoVx: 1.061944466132935 [01/07 16:01:39]
cameras.FoVy: 0.829326440765205 [01/07 16:01:39]
cameras.image_height: 476 [01/07 16:01:39]
cameras.image_width: 635 [01/07 16:01:39]
cameras.world_view_transform: tensor([[-0.6106,  0.4666, -0.6398,  0.0000],
        [-0.2340,  0.6656,  0.7087,  0.0000],
        [ 0.7565,  0.5825, -0.2972,  0.0000],
        [-0.4856, -2.1865,  3.2202,  1.0000]], device='cuda:0') [01/07 16:01:39]
cameras.full_proj_transform: tensor([[-1.0399,  1.0600, -0.6399, -0.6398],
        [-0.3985,  1.5120,  0.7088,  0.7087],
        [ 1.2883,  1.3233, -0.2973, -0.2972],
        [-0.8269, -4.9673,  3.2105,  3.2202]], device='cuda:0') [01/07 16:01:39]
cameras.camera_center: tensor([ 2.7841, -0.9405,  2.5981], device='cuda:0') [01/07 16:01:39]
cameras.uid: 21 [01/07 16:01:39]
camera.uid: 22 [01/07 16:01:39]
cameras.FoVx: 1.0863614035845595 [01/07 16:01:39]
cameras.FoVy: 0.850000419498686 [01/07 16:01:39]
cameras.image_height: 476 [01/07 16:01:39]
cameras.image_width: 635 [01/07 16:01:39]
cameras.world_view_transform: tensor([[ 0.9846,  0.0840, -0.1536,  0.0000],
        [-0.0772,  0.9958,  0.0496,  0.0000],
        [ 0.1571, -0.0369,  0.9869,  0.0000],
        [ 0.5851, -1.5254,  3.4610,  1.0000]], device='cuda:0') [01/07 16:01:39]
cameras.full_proj_transform: tensor([[ 1.6307,  0.1856, -0.1536, -0.1536],
        [-0.1279,  2.2002,  0.0496,  0.0496],
        [ 0.2602, -0.0816,  0.9870,  0.9869],
        [ 0.9691, -3.3703,  3.4513,  3.4610]], device='cuda:0') [01/07 16:01:39]
cameras.camera_center: tensor([ 0.0836,  1.3926, -3.5639], device='cuda:0') [01/07 16:01:39]
cameras.uid: 22 [01/07 16:01:39]
camera.uid: 23 [01/07 16:01:39]
cameras.FoVx: 1.060689741467727 [01/07 16:01:39]
cameras.FoVy: 0.827496616668746 [01/07 16:01:39]
cameras.image_height: 477 [01/07 16:01:39]
cameras.image_width: 637 [01/07 16:01:39]
cameras.world_view_transform: tensor([[-0.5732,  0.4638, -0.6754,  0.0000],
        [-0.2623,  0.6771,  0.6876,  0.0000],
        [ 0.7763,  0.5713, -0.2665,  0.0000],
        [-0.5673, -2.1592,  3.2767,  1.0000]], device='cuda:0') [01/07 16:01:39]
cameras.full_proj_transform: tensor([[-0.9776,  1.0564, -0.6755, -0.6754],
        [-0.4473,  1.5420,  0.6876,  0.6876],
        [ 1.3238,  1.3011, -0.2665, -0.2665],
        [-0.9675, -4.9175,  3.2670,  3.2767]], device='cuda:0') [01/07 16:01:39]
cameras.camera_center: tensor([ 2.8896, -0.9398,  2.5471], device='cuda:0') [01/07 16:01:39]
cameras.uid: 23 [01/07 16:01:39]
camera.uid: 24 [01/07 16:01:39]
cameras.FoVx: 1.060635610428711 [01/07 16:01:39]
cameras.FoVy: 0.8274436349724094 [01/07 16:01:39]
cameras.image_height: 474 [01/07 16:01:39]
cameras.image_width: 633 [01/07 16:01:39]
cameras.world_view_transform: tensor([[-0.5202,  0.4664, -0.7154,  0.0000],
        [-0.2757,  0.7011,  0.6576,  0.0000],
        [ 0.8083,  0.5393, -0.2361,  0.0000],
        [-0.7445, -2.0949,  3.3343,  1.0000]], device='cuda:0') [01/07 16:01:39]
cameras.full_proj_transform: tensor([[-0.8872,  1.0623, -0.7155, -0.7154],
        [-0.4703,  1.5969,  0.6576,  0.6576],
        [ 1.3786,  1.2284, -0.2361, -0.2361],
        [-1.2698, -4.7714,  3.3246,  3.3343]], device='cuda:0') [01/07 16:01:39]
cameras.camera_center: tensor([ 2.9753, -0.9290,  2.5190], device='cuda:0') [01/07 16:01:39]
cameras.uid: 24 [01/07 16:01:39]
camera.uid: 25 [01/07 16:01:39]
cameras.FoVx: 1.0598366779248911 [01/07 16:01:39]
cameras.FoVy: 0.8283213741607667 [01/07 16:01:39]
cameras.image_height: 475 [01/07 16:01:39]
cameras.image_width: 633 [01/07 16:01:39]
cameras.world_view_transform: tensor([[-0.4865,  0.4686, -0.7374,  0.0000],
        [-0.2868,  0.7116,  0.6414,  0.0000],
        [ 0.8253,  0.5236, -0.2117,  0.0000],
        [-0.8091, -2.0996,  3.3929,  1.0000]], device='cuda:0') [01/07 16:01:39]
cameras.full_proj_transform: tensor([[-0.8304,  1.0660, -0.7375, -0.7374],
        [-0.4897,  1.6187,  0.6415,  0.6414],
        [ 1.4088,  1.1910, -0.2118, -0.2117],
        [-1.3812, -4.7764,  3.3832,  3.3929]], device='cuda:0') [01/07 16:01:39]
cameras.camera_center: tensor([ 3.0922, -0.9143,  2.4854], device='cuda:0') [01/07 16:01:39]
cameras.uid: 25 [01/07 16:01:39]
camera.uid: 26 [01/07 16:01:39]
cameras.FoVx: 1.0582865388871001 [01/07 16:01:39]
cameras.FoVy: 0.825462399448339 [01/07 16:01:39]
cameras.image_height: 474 [01/07 16:01:39]
cameras.image_width: 633 [01/07 16:01:39]
cameras.world_view_transform: tensor([[-0.4634,  0.4667, -0.7533,  0.0000],
        [-0.2957,  0.7199,  0.6280,  0.0000],
        [ 0.8353,  0.5138, -0.1956,  0.0000],
        [-0.8424, -2.1097,  3.4526,  1.0000]], device='cuda:0') [01/07 16:01:39]
cameras.full_proj_transform: tensor([[-0.7925,  1.0659, -0.7533, -0.7533],
        [-0.5057,  1.6440,  0.6280,  0.6280],
        [ 1.4285,  1.1733, -0.1956, -0.1956],
        [-1.4405, -4.8179,  3.4430,  3.4526]], device='cuda:0') [01/07 16:01:39]
cameras.camera_center: tensor([ 3.1951, -0.8986,  2.4628], device='cuda:0') [01/07 16:01:39]
cameras.uid: 26 [01/07 16:01:39]
camera.uid: 27 [01/07 16:01:39]
cameras.FoVx: 1.0612946070487606 [01/07 16:01:39]
cameras.FoVy: 0.829553056550561 [01/07 16:01:39]
cameras.image_height: 475 [01/07 16:01:39]
cameras.image_width: 633 [01/07 16:01:39]
cameras.world_view_transform: tensor([[-0.4533,  0.4511, -0.7688,  0.0000],
        [-0.2944,  0.7383,  0.6068,  0.0000],
        [ 0.8414,  0.5013, -0.2019,  0.0000],
        [-0.7960, -2.0368,  3.5535,  1.0000]], device='cuda:0') [01/07 16:01:39]
cameras.full_proj_transform: tensor([[-0.7725,  1.0245, -0.7689, -0.7688],
        [-0.5016,  1.6768,  0.6069,  0.6068],
        [ 1.4338,  1.1386, -0.2019, -0.2019],
        [-1.3566, -4.6258,  3.5439,  3.5535]], device='cuda:0') [01/07 16:01:39]
cameras.camera_center: tensor([ 3.2899, -0.8867,  2.4084], device='cuda:0') [01/07 16:01:39]
cameras.uid: 27 [01/07 16:01:39]
camera.uid: 28 [01/07 16:01:39]
cameras.FoVx: 1.0593914526413313 [01/07 16:01:39]
cameras.FoVy: 0.8279453173387906 [01/07 16:01:39]
cameras.image_height: 475 [01/07 16:01:39]
cameras.image_width: 633 [01/07 16:01:39]
cameras.world_view_transform: tensor([[-0.4404,  0.4533, -0.7749,  0.0000],
        [-0.2953,  0.7419,  0.6019,  0.0000],
        [ 0.8478,  0.4940, -0.1929,  0.0000],
        [-0.7314, -2.0506,  3.5844,  1.0000]], device='cuda:0') [01/07 16:01:39]
cameras.full_proj_transform: tensor([[-0.7522,  1.0318, -0.7750, -0.7749],
        [-0.5044,  1.6887,  0.6020,  0.6019],
        [ 1.4480,  1.1243, -0.1929, -0.1929],
        [-1.2492, -4.6673,  3.5747,  3.5844]], device='cuda:0') [01/07 16:01:39]
cameras.camera_center: tensor([ 3.3851, -0.8520,  2.3244], device='cuda:0') [01/07 16:01:39]
cameras.uid: 28 [01/07 16:01:39]
camera.uid: 29 [01/07 16:01:39]
cameras.FoVx: 1.0583935015203045 [01/07 16:01:39]
cameras.FoVy: 0.8267151473440685 [01/07 16:01:39]
cameras.image_height: 474 [01/07 16:01:39]
cameras.image_width: 632 [01/07 16:01:39]
cameras.world_view_transform: tensor([[-0.3925,  0.4649, -0.7936,  0.0000],
        [-0.2948,  0.7538,  0.5873,  0.0000],
        [ 0.8712,  0.4645, -0.1588,  0.0000],
        [-0.8345, -2.0290,  3.5711,  1.0000]], device='cuda:0') [01/07 16:01:39]
cameras.full_proj_transform: tensor([[-0.6711,  1.0598, -0.7937, -0.7936],
        [-0.5041,  1.7185,  0.5873,  0.5873],
        [ 1.4897,  1.0589, -0.1588, -0.1588],
        [-1.4269, -4.6258,  3.5615,  3.5711]], device='cuda:0') [01/07 16:01:39]
cameras.camera_center: tensor([ 3.4499, -0.8139,  2.2366], device='cuda:0') [01/07 16:01:39]
cameras.uid: 29 [01/07 16:01:39]
camera.uid: 30 [01/07 16:01:39]
cameras.FoVx: 1.0580875097768916 [01/07 16:01:39]
cameras.FoVy: 0.8264568614704934 [01/07 16:01:39]
cameras.image_height: 474 [01/07 16:01:39]
cameras.image_width: 632 [01/07 16:01:39]
cameras.world_view_transform: tensor([[-0.3616,  0.4742, -0.8027,  0.0000],
        [-0.2958,  0.7582,  0.5811,  0.0000],
        [ 0.8842,  0.4476, -0.1339,  0.0000],
        [-0.8758, -2.0361,  3.5533,  1.0000]], device='cuda:0') [01/07 16:01:39]
cameras.full_proj_transform: tensor([[-0.6185,  1.0814, -0.8028, -0.8027],
        [-0.5060,  1.7291,  0.5811,  0.5811],
        [ 1.5123,  1.0208, -0.1339, -0.1339],
        [-1.4981, -4.6435,  3.5437,  3.5533]], device='cuda:0') [01/07 16:01:39]
cameras.camera_center: tensor([ 3.5012, -0.7802,  2.1615], device='cuda:0') [01/07 16:01:39]
cameras.uid: 30 [01/07 16:01:39]
camera.uid: 31 [01/07 16:01:39]
cameras.FoVx: 1.0541413827720276 [01/07 16:01:39]
cameras.FoVy: 0.822740081149515 [01/07 16:01:39]
cameras.image_height: 473 [01/07 16:01:39]
cameras.image_width: 631 [01/07 16:01:39]
cameras.world_view_transform: tensor([[-0.3279,  0.4815, -0.8128,  0.0000],
        [-0.2888,  0.7681,  0.5715,  0.0000],
        [ 0.8995,  0.4221, -0.1128,  0.0000],
        [-0.9345, -2.0096,  3.5701,  1.0000]], device='cuda:0') [01/07 16:01:39]
cameras.full_proj_transform: tensor([[-0.5634,  1.1037, -0.8129, -0.8128],
        [-0.4962,  1.7606,  0.5716,  0.5715],
        [ 1.5455,  0.9676, -0.1128, -0.1128],
        [-1.6056, -4.6065,  3.5604,  3.5701]], device='cuda:0') [01/07 16:01:39]
cameras.camera_center: tensor([ 3.5629, -0.7667,  2.0916], device='cuda:0') [01/07 16:01:39]
cameras.uid: 31 [01/07 16:01:39]
camera.uid: 32 [01/07 16:01:39]
cameras.FoVx: 1.0503034476457376 [01/07 16:01:39]
cameras.FoVy: 0.819503372527574 [01/07 16:01:39]
cameras.image_height: 470 [01/07 16:01:39]
cameras.image_width: 627 [01/07 16:01:39]
cameras.world_view_transform: tensor([[-0.2247,  0.4595, -0.8593,  0.0000],
        [-0.2979,  0.8072,  0.5095,  0.0000],
        [ 0.9278,  0.3705, -0.0445,  0.0000],
        [-1.3181, -1.8095,  3.6120,  1.0000]], device='cuda:0') [01/07 16:01:39]
cameras.full_proj_transform: tensor([[-0.3878,  1.0578, -0.8594, -0.8593],
        [-0.5141,  1.8586,  0.5096,  0.5095],
        [ 1.6012,  0.8530, -0.0445, -0.0445],
        [-2.2748, -4.1662,  3.6024,  3.6120]], device='cuda:0') [01/07 16:01:39]
cameras.camera_center: tensor([ 3.6391, -0.7723,  2.0540], device='cuda:0') [01/07 16:01:39]
cameras.uid: 32 [01/07 16:01:39]
camera.uid: 33 [01/07 16:01:39]
cameras.FoVx: 1.0742143669180384 [01/07 16:01:39]
cameras.FoVy: 0.839314373447837 [01/07 16:01:39]
cameras.image_height: 478 [01/07 16:01:39]
cameras.image_width: 638 [01/07 16:01:39]
cameras.world_view_transform: tensor([[ 0.9915,  0.0452, -0.1220,  0.0000],
        [-0.0429,  0.9988,  0.0218,  0.0000],
        [ 0.1229, -0.0164,  0.9923,  0.0000],
        [ 0.5302, -1.3871,  3.4933,  1.0000]], device='cuda:0') [01/07 16:01:39]
cameras.full_proj_transform: tensor([[ 1.6650,  0.1014, -0.1221, -0.1220],
        [-0.0720,  2.2387,  0.0218,  0.0218],
        [ 0.2064, -0.0367,  0.9924,  0.9923],
        [ 0.8903, -3.1091,  3.4837,  3.4933]], device='cuda:0') [01/07 16:01:39]
cameras.camera_center: tensor([-0.0366,  1.3321, -3.5543], device='cuda:0') [01/07 16:01:39]
cameras.uid: 33 [01/07 16:01:39]
camera.uid: 34 [01/07 16:01:39]
cameras.FoVx: 1.0566214390675266 [01/07 16:01:39]
cameras.FoVy: 0.8236690758457176 [01/07 16:01:39]
cameras.image_height: 473 [01/07 16:01:39]
cameras.image_width: 632 [01/07 16:01:39]
cameras.world_view_transform: tensor([[-0.1749,  0.4557, -0.8728,  0.0000],
        [-0.2943,  0.8217,  0.4880,  0.0000],
        [ 0.9396,  0.3422, -0.0096,  0.0000],
        [-1.4184, -1.7782,  3.6647,  1.0000]], device='cuda:0') [01/07 16:01:39]
cameras.full_proj_transform: tensor([[-0.2996,  1.0433, -0.8729, -0.8728],
        [-0.5042,  1.8811,  0.4881,  0.4880],
        [ 1.6098,  0.7834, -0.0096, -0.0096],
        [-2.4303, -4.0709,  3.6551,  3.6647]], device='cuda:0') [01/07 16:01:39]
cameras.camera_center: tensor([ 3.7608, -0.7448,  1.9763], device='cuda:0') [01/07 16:01:39]
cameras.uid: 34 [01/07 16:01:39]
camera.uid: 35 [01/07 16:01:39]
cameras.FoVx: 1.0513968976133314 [01/07 16:01:39]
cameras.FoVy: 0.8208135835004204 [01/07 16:01:39]
cameras.image_height: 471 [01/07 16:01:39]
cameras.image_width: 628 [01/07 16:01:39]
cameras.world_view_transform: tensor([[-0.1586,  0.4741, -0.8661,  0.0000],
        [-0.2998,  0.8126,  0.4997,  0.0000],
        [ 0.9407,  0.3390,  0.0132,  0.0000],
        [-1.3742, -1.9466,  3.6819,  1.0000]], device='cuda:0') [01/07 16:01:39]
cameras.full_proj_transform: tensor([[-0.2734,  1.0895, -0.8662, -0.8661],
        [-0.5168,  1.8676,  0.4998,  0.4997],
        [ 1.6215,  0.7790,  0.0132,  0.0132],
        [-2.3687, -4.4737,  3.6723,  3.6819]], device='cuda:0') [01/07 16:01:39]
cameras.camera_center: tensor([ 3.8937, -0.6702,  1.9038], device='cuda:0') [01/07 16:01:39]
cameras.uid: 35 [01/07 16:01:39]
camera.uid: 36 [01/07 16:01:39]
cameras.FoVx: 1.0560514214510166 [01/07 16:01:39]
cameras.FoVy: 0.8247386425122388 [01/07 16:01:39]
cameras.image_height: 474 [01/07 16:01:39]
cameras.image_width: 632 [01/07 16:01:39]
cameras.world_view_transform: tensor([[-0.1265,  0.4829, -0.8665,  0.0000],
        [-0.3023,  0.8132,  0.4973,  0.0000],
        [ 0.9448,  0.3249,  0.0431,  0.0000],
        [-1.3871, -2.0054,  3.6518,  1.0000]], device='cuda:0') [01/07 16:01:39]
cameras.full_proj_transform: tensor([[-0.2169,  1.1038, -0.8666, -0.8665],
        [-0.5184,  1.8589,  0.4973,  0.4973],
        [ 1.6198,  0.7427,  0.0431,  0.0431],
        [-2.3782, -4.5842,  3.6421,  3.6518]], device='cuda:0') [01/07 16:01:39]
cameras.camera_center: tensor([ 3.9571, -0.6046,  1.8047], device='cuda:0') [01/07 16:01:39]
cameras.uid: 36 [01/07 16:01:39]
camera.uid: 37 [01/07 16:01:39]
cameras.FoVx: 1.0546786661734113 [01/07 16:01:39]
cameras.FoVy: 0.822421427930321 [01/07 16:01:39]
cameras.image_height: 474 [01/07 16:01:39]
cameras.image_width: 633 [01/07 16:01:39]
cameras.world_view_transform: tensor([[-0.0641,  0.4839, -0.8728,  0.0000],
        [-0.2607,  0.8361,  0.4827,  0.0000],
        [ 0.9633,  0.2585,  0.0726,  0.0000],
        [-1.4878, -1.9161,  3.6533,  1.0000]], device='cuda:0') [01/07 16:01:39]
cameras.full_proj_transform: tensor([[-0.1100,  1.1098, -0.8728, -0.8728],
        [-0.4477,  1.9172,  0.4828,  0.4827],
        [ 1.6541,  0.5928,  0.0726,  0.0726],
        [-2.5548, -4.3941,  3.6437,  3.6533]], device='cuda:0') [01/07 16:01:39]
cameras.camera_center: tensor([ 4.0204, -0.5495,  1.6632], device='cuda:0') [01/07 16:01:39]
cameras.uid: 37 [01/07 16:01:39]
camera.uid: 38 [01/07 16:01:39]
cameras.FoVx: 1.052710740603187 [01/07 16:01:39]
cameras.FoVy: 0.8203753391722599 [01/07 16:01:39]
cameras.image_height: 473 [01/07 16:01:39]
cameras.image_width: 632 [01/07 16:01:39]
cameras.world_view_transform: tensor([[-0.0196,  0.4863, -0.8736,  0.0000],
        [-0.2291,  0.8483,  0.4773,  0.0000],
        [ 0.9732,  0.2094,  0.0948,  0.0000],
        [-1.5386, -1.8696,  3.6473,  1.0000]], device='cuda:0') [01/07 16:01:39]
cameras.full_proj_transform: tensor([[-0.0336,  1.1183, -0.8737, -0.8736],
        [-0.3942,  1.9508,  0.4774,  0.4773],
        [ 1.6750,  0.4816,  0.0948,  0.0948],
        [-2.6481, -4.2993,  3.6376,  3.6473]], device='cuda:0') [01/07 16:01:39]
cameras.camera_center: tensor([ 4.0652, -0.5074,  1.5432], device='cuda:0') [01/07 16:01:39]
cameras.uid: 38 [01/07 16:01:39]
camera.uid: 39 [01/07 16:01:39]
cameras.FoVx: 1.0508485492961335 [01/07 16:01:39]
cameras.FoVy: 0.8203514302000445 [01/07 16:01:39]
cameras.image_height: 474 [01/07 16:01:39]
cameras.image_width: 632 [01/07 16:01:39]
cameras.world_view_transform: tensor([[ 0.0202,  0.4838, -0.8750,  0.0000],
        [-0.2538,  0.8490,  0.4635,  0.0000],
        [ 0.9671,  0.2127,  0.1399,  0.0000],
        [-1.5488, -1.9009,  3.6031,  1.0000]], device='cuda:0') [01/07 16:01:39]
cameras.full_proj_transform: tensor([[ 0.0349,  1.1125, -0.8750, -0.8750],
        [-0.4377,  1.9524,  0.4636,  0.4635],
        [ 1.6680,  0.4890,  0.1399,  0.1399],
        [-2.6714, -4.3715,  3.5935,  3.6031]], device='cuda:0') [01/07 16:01:39]
cameras.camera_center: tensor([ 4.1035, -0.4494,  1.3979], device='cuda:0') [01/07 16:01:39]
cameras.uid: 39 [01/07 16:01:39]
camera.uid: 40 [01/07 16:01:39]
cameras.FoVx: 1.0494613039387657 [01/07 16:01:39]
cameras.FoVy: 0.8184092490298741 [01/07 16:01:39]
cameras.image_height: 472 [01/07 16:01:39]
cameras.image_width: 630 [01/07 16:01:39]
cameras.world_view_transform: tensor([[ 0.0701,  0.4480, -0.8913,  0.0000],
        [-0.2421,  0.8744,  0.4205,  0.0000],
        [ 0.9677,  0.1863,  0.1697,  0.0000],
        [-1.5882, -1.7486,  3.6683,  1.0000]], device='cuda:0') [01/07 16:01:39]
cameras.full_proj_transform: tensor([[ 0.1210,  1.0331, -0.8914, -0.8913],
        [-0.4183,  2.0162,  0.4205,  0.4205],
        [ 1.6718,  0.4297,  0.1698,  0.1697],
        [-2.7437, -4.0318,  3.6586,  3.6683]], device='cuda:0') [01/07 16:01:39]
cameras.camera_center: tensor([ 4.1641, -0.3982,  1.2401], device='cuda:0') [01/07 16:01:39]
cameras.uid: 40 [01/07 16:01:39]
camera.uid: 41 [01/07 16:01:39]
cameras.FoVx: 1.050052064340983 [01/07 16:01:39]
cameras.FoVy: 0.81814738820768 [01/07 16:01:39]
cameras.image_height: 476 [01/07 16:01:39]
cameras.image_width: 636 [01/07 16:01:39]
cameras.world_view_transform: tensor([[ 0.1047,  0.3936, -0.9133,  0.0000],
        [-0.2403,  0.9012,  0.3608,  0.0000],
        [ 0.9650,  0.1817,  0.1889,  0.0000],
        [-1.5164, -1.5442,  3.8281,  1.0000]], device='cuda:0') [01/07 16:01:39]
cameras.full_proj_transform: tensor([[ 0.1807,  0.9078, -0.9134, -0.9133],
        [-0.4149,  2.0787,  0.3608,  0.3608],
        [ 1.6660,  0.4192,  0.1889,  0.1889],
        [-2.6179, -3.5619,  3.8185,  3.8281]], device='cuda:0') [01/07 16:01:39]
cameras.camera_center: tensor([ 4.2627, -0.3539,  1.0208], device='cuda:0') [01/07 16:01:39]
cameras.uid: 41 [01/07 16:01:39]
camera.uid: 42 [01/07 16:01:39]
cameras.FoVx: 1.0539378176125846 [01/07 16:01:39]
cameras.FoVy: 0.8221847374389063 [01/07 16:01:39]
cameras.image_height: 475 [01/07 16:01:39]
cameras.image_width: 634 [01/07 16:01:39]
cameras.world_view_transform: tensor([[ 0.0917,  0.3574, -0.9294,  0.0000],
        [-0.2560,  0.9104,  0.3249,  0.0000],
        [ 0.9623,  0.2082,  0.1750,  0.0000],
        [-1.2695, -1.4588,  3.9457,  1.0000]], device='cuda:0') [01/07 16:01:39]
cameras.full_proj_transform: tensor([[ 0.1577,  0.8199, -0.9295, -0.9294],
        [-0.4400,  2.0885,  0.3249,  0.3249],
        [ 1.6539,  0.4775,  0.1751,  0.1750],
        [-2.1818, -3.3464,  3.9361,  3.9457]], device='cuda:0') [01/07 16:01:39]
cameras.camera_center: tensor([ 4.3051, -0.2787,  0.8346], device='cuda:0') [01/07 16:01:39]
cameras.uid: 42 [01/07 16:01:39]
camera.uid: 43 [01/07 16:01:39]
cameras.FoVx: 1.0498551071269318 [01/07 16:01:39]
cameras.FoVy: 0.8191306235743868 [01/07 16:01:39]
cameras.image_height: 476 [01/07 16:01:39]
cameras.image_width: 635 [01/07 16:01:39]
cameras.world_view_transform: tensor([[ 0.1600,  0.3690, -0.9156,  0.0000],
        [-0.2573,  0.9110,  0.3222,  0.0000],
        [ 0.9530,  0.1841,  0.2407,  0.0000],
        [-1.3537, -1.5411,  3.8473,  1.0000]], device='cuda:0') [01/07 16:01:39]
cameras.full_proj_transform: tensor([[ 0.2763,  0.8500, -0.9156, -0.9156],
        [-0.4444,  2.0986,  0.3222,  0.3222],
        [ 1.6456,  0.4240,  0.2408,  0.2407],
        [-2.3374, -3.5501,  3.8376,  3.8473]], device='cuda:0') [01/07 16:01:39]
cameras.camera_center: tensor([ 4.3076, -0.1839,  0.6475], device='cuda:0') [01/07 16:01:39]
cameras.uid: 43 [01/07 16:01:39]
camera.uid: 44 [01/07 16:01:39]
cameras.FoVx: 1.0744002304434328 [01/07 16:01:39]
cameras.FoVy: 0.8386881151794576 [01/07 16:01:39]
cameras.image_height: 476 [01/07 16:01:39]
cameras.image_width: 636 [01/07 16:01:39]
cameras.world_view_transform: tensor([[ 0.9980,  0.0236, -0.0585,  0.0000],
        [-0.0226,  0.9996,  0.0186,  0.0000],
        [ 0.0589, -0.0172,  0.9981,  0.0000],
        [ 0.4193, -1.3126,  3.3714,  1.0000]], device='cuda:0') [01/07 16:01:39]
cameras.full_proj_transform: tensor([[ 1.6756,  0.0530, -0.0585, -0.0585],
        [-0.0379,  2.2423,  0.0186,  0.0186],
        [ 0.0989, -0.0387,  0.9982,  0.9981],
        [ 0.7039, -2.9444,  3.3617,  3.3714]], device='cuda:0') [01/07 16:01:39]
cameras.camera_center: tensor([-0.1902,  1.2587, -3.4124], device='cuda:0') [01/07 16:01:39]
cameras.uid: 44 [01/07 16:01:39]
camera.uid: 45 [01/07 16:01:39]
cameras.FoVx: 1.0473872125677939 [01/07 16:01:39]
cameras.FoVy: 0.8170500850551389 [01/07 16:01:39]
cameras.image_height: 473 [01/07 16:01:39]
cameras.image_width: 631 [01/07 16:01:39]
cameras.world_view_transform: tensor([[ 0.2252,  0.3911, -0.8924,  0.0000],
        [-0.2574,  0.9072,  0.3326,  0.0000],
        [ 0.9397,  0.1548,  0.3050,  0.0000],
        [-1.4515, -1.6545,  3.6779,  1.0000]], device='cuda:0') [01/07 16:01:39]
cameras.full_proj_transform: tensor([[ 0.3900,  0.9035, -0.8925, -0.8924],
        [-0.4458,  2.0958,  0.3327,  0.3326],
        [ 1.6272,  0.3576,  0.3050,  0.3050],
        [-2.5135, -3.8221,  3.6683,  3.6779]], device='cuda:0') [01/07 16:01:39]
cameras.camera_center: tensor([ 4.2560, -0.0961,  0.4983], device='cuda:0') [01/07 16:01:39]
cameras.uid: 45 [01/07 16:01:39]
camera.uid: 46 [01/07 16:01:39]
cameras.FoVx: 1.0488274303343779 [01/07 16:01:39]
cameras.FoVy: 0.8182626966280863 [01/07 16:01:39]
cameras.image_height: 473 [01/07 16:01:39]
cameras.image_width: 631 [01/07 16:01:39]
cameras.world_view_transform: tensor([[ 0.2519,  0.3692, -0.8946,  0.0000],
        [-0.2766,  0.9133,  0.2990,  0.0000],
        [ 0.9274,  0.1721,  0.3322,  0.0000],
        [-1.3628, -1.5890,  3.7082,  1.0000]], device='cuda:0') [01/07 16:01:39]
cameras.full_proj_transform: tensor([[ 0.4355,  0.8515, -0.8947, -0.8946],
        [-0.4782,  2.1063,  0.2991,  0.2990],
        [ 1.6033,  0.3969,  0.3322,  0.3322],
        [-2.3559, -3.6648,  3.6986,  3.7082]], device='cuda:0') [01/07 16:01:39]
cameras.camera_center: tensor([ 4.2472, -0.0346,  0.3055], device='cuda:0') [01/07 16:01:39]
cameras.uid: 46 [01/07 16:01:39]
camera.uid: 47 [01/07 16:01:39]
cameras.FoVx: 1.045882622158125 [01/07 16:01:39]
cameras.FoVy: 0.8157836713817069 [01/07 16:01:39]
cameras.image_height: 473 [01/07 16:01:39]
cameras.image_width: 631 [01/07 16:01:39]
cameras.world_view_transform: tensor([[ 0.3089,  0.3572, -0.8815,  0.0000],
        [-0.2570,  0.9237,  0.2842,  0.0000],
        [ 0.9157,  0.1387,  0.3771,  0.0000],
        [-1.4310, -1.6041,  3.7415,  1.0000]], device='cuda:0') [01/07 16:01:39]
cameras.full_proj_transform: tensor([[ 0.5358,  0.8265, -0.8816, -0.8815],
